9
85
38
10
38
57
90
48
87
84
21
97
53
67
57
47
7
76
8
9
44
75
83
12
58
22
4
92
14
13
4
77
32
88
86
81
72
50
40
75
11
14
91
28
80
25
75
69
86
16
50
48
18
55
73
94
11
99
93
80
54
65
7
13
1
93
23
3
32
82
36
16
82
19
72
13
58
56
60
82
29
63
75
74
69
89
68
63
37
45
35
2
68
99
19
25
80
75
5
17
19
67
74
63
92
11
76
26
44
59
24
95
21
65
23
5
37
33
30
85
0
11
68
19
23
1
8
63
45
86
5
22
8
3
89
76
5
21
45
55
42
76
71
47
0
90
75
74
33
59
12
98
32
98
7
42
92
10
78
30
52
43
10
67
64
88
63
35
85
89
97
77
83
21
40
2
8
51
18
25
65
23
70
56
93
73
61
28
6
49
36
50
33
17
92
48
2
72
10
8
9
79
79
84
55
39
61
68
84
4
29
29
43
85
63
22
32
88
40
81
82
87
99
15
96
77
20
53
35
24
43
96
79
88
12
52
23
87
48
9
83
59
6
15
24
84
97
24
19
44
99
36
76
80
99
25
9
46
60
29
30
16
49
38
20
84
10
72
59
39
73
58
19
10
67
22
74
86
98
15
71
48
22
74
3
8
59
29
64
40
86
77
76
28
70
46
44
82
75
81
58
20
78
29
26
29
51
15
17
65
31
49
96
32
6
55
59
7
53
33
98
92
74
0
33
80
12
68
36
66
31
58
69
22
1
0
70
31
43
26
72
63
91
8
35
53
74
66
57
21
67
79
89
41
54
91
32
20
88
48
98
21
16
48
51
29
7
22
58
48
81
50
96
46
64
47
22
99
82
72
28
62
86
30
90
76
8
46
61
91
26
38
95
78
24
15
61
80
32
3
94
81
11
81
84
15
32
34
98
96
79
49
26
46
14
22
21
76
55
24
49
67
2
7
80
73
14
47
2
73
64
79
5
1
65
96
85
90
4
65
32
59
87
36
48
73
26
92
27
5
44
59
88
62
15
86
23
11
98
31
51
99
10
3
53
45
73
62
46
23
60
72
46
85
84
26
16
42
92
50
90
28
90
28
49
90
14
71
94
39
57
36
24
9
92
61
45
40
69
69
40
54
99
60
14
60
34
59
26
63
58
50
71
96
57
46
33
29
63
18
71
86
90
5
28
65
60
31
13
34
24
74
75
38
14
23
94
95
91
6
81
38
13
23
7
82
89
27
43
16
30
83
16
11
85
63
35
29
22
0
29
12
63
16
86
17
10
7
44
75
61
28
86
60
9
40
68
69
38
87
44
43
2
58
23
7
79
94
90
42
64
16
81
45
20
44
89
6
96
39
74
43
35
44
40
21
1
76
44
97
37
88
83
6
21
60
46
68
23
9
68
60
76
23
97
50
85
74
97
24
55
3
26
44
94
92
4
25
82
0
81
59
21
72
37
25
97
99
27
73
61
45
30
19
59
61
21
74
14
1
78
64
42
7
91
9
12
49
17
36
40
69
81
2
99
44
61
40
46
21
8
20
5
74
32
91
57
66
45
78
93
38
75
27
16
47
52
87
91
90
40
70
79
96
86
83
13
55
68
27
14
9
68
65
0
12
81
96
10
67
29
60
84
25
36
47
98
64
27
32
15
61
92
59
79
79
98
33
13
42
69
18
48
27
19
4
25
54
38
54
69
87
49
75
46
97
87
57
56
21
19
79
42
19
10
75
99
48
35
20
3
37
41
16
79
63
76
22
12
8
70
52
60
50
17
32
0
23
69
17
37
13
76
21
2
28
70
17
68
70
43
61
53
51
36
11
96
54
5
78
45
4
50
8
49
92
69
5
24
23
76
47
39
38
9
36
22
83
51
75
82
29
69
7
61
1
48
21
26
82
77
49
93
56
9
24
29
21
9
66
32
36
0
75
56
0
20
64
98
5
93
83
89
66
56
7
42
10
8
99
59
45
12
30
15
36
80
58
47
26
42
62
95
31
28
72
89
57
36
68
67
77
41
7
4
71
2
0
36
0
70
25
25
38
22
90
43
14
50
84
5
45
10
53
82
47
49
80
53
50
93
64
92
68
99
29
5
30
18
39
40
33
3
95
73
61
38
92
6
56
56
63
41
32
98
64
52
2
3
54
74
56
99
81
73
82
14
18
74
30
72
87
21
81
70
45
55
10
62
36
55
94
21
51
4
86
67
46
69
18
60
93
14
90
78
30
67
78
2
38
75
31
36
8
31
29
83
47
87
14
